Total: 0.08808183670043945
Total: 0.10572957992553711
Grounding: 0.10431623458862305
Solving: 0.005918264389038086
Total: 0.11023449897766113
