Total: 0.19707798957824707
Total: 0.36572718620300293
Total: 0.42269229888916016
Grounding: 0.4083096981048584
Solving: 0.019614696502685547
Total: 0.42792439460754395
