Total: 0.1318364143371582
Grounding: 0.12526488304138184
Solving: 0.006571531295776367
Total: 0.1318364143371582
