Total: 6.693011522293091
Grounding: 3.294236421585083
Solving: 3.398775100708008
Total: 6.693011522293091
