Total: 0.22982192039489746
Total: 0.2868928909301758
Total: 0.36164379119873047
Grounding: 0.30037927627563477
Solving: 0.09854745864868164
Total: 0.3989267349243164
