Total: 0.0816349983215332
Total: 0.1022188663482666
Total: 0.1247105598449707
Grounding: 0.12096428871154785
Solving: 0.006586313247680664
Total: 0.12755060195922852
