Total: 3.1105451583862305
Total: 3.2250421047210693
Grounding: 3.141153335571289
Solving: 0.1296095848083496
Total: 3.2707629203796387
