Total: 2.144972801208496
Grounding: 2.0190861225128174
Solving: 0.1258866786956787
Total: 2.144972801208496
