Total: 0.0744466781616211
Grounding: 0.07011675834655762
Solving: 0.0043299198150634766
Total: 0.0744466781616211
