Grounding: 1.1709768772125244
Solving: 0.0585782527923584
Total: 1.2295551300048828
