Grounding: 0.5213179588317871
Solving: 0.034512996673583984
Total: 0.5558309555053711
