Grounding: 0.013125181198120117
Solving: 0.0023479461669921875
Total: 0.015473127365112305
