Grounding: 0.014222145080566406
Solving: 0.0018439292907714844
Total: 0.01606607437133789
