Grounding: 2.0493288040161133
Solving: 0.1288130283355713
Total: 2.1781418323516846
