Grounding: 0.6657559871673584
Solving: 0.027900218963623047
Total: 0.6936562061309814
