Grounding: 0.012260913848876953
Solving: 0.002161264419555664
Total: 0.014422178268432617
