Grounding: 0.15131711959838867
Solving: 0.009480953216552734
Total: 0.1607980728149414
