Grounding: 0.010461091995239258
Solving: 0.0019888877868652344
Total: 0.012449979782104492
