Grounding: 0.0184018611907959
Solving: 0.004462003707885742
Total: 0.02286386489868164
