Grounding: 0.016535043716430664
Solving: 0.002157926559448242
Total: 0.018692970275878906
