Grounding: 0.011827945709228516
Solving: 0.0019218921661376953
Total: 0.013749837875366211
