Grounding: 0.016557931900024414
Solving: 0.0019521713256835938
Total: 0.018510103225708008
