Grounding: 0.23794794082641602
Solving: 0.015277862548828125
Total: 0.25322580337524414
