Grounding: 0.01453089714050293
Solving: 0.0024149417877197266
Total: 0.016945838928222656
