Grounding: 0.2990448474884033
Solving: 0.05133700370788574
Total: 0.35038185119628906
