Grounding: 0.024538040161132812
Solving: 0.0065670013427734375
Total: 0.03110504150390625
