Grounding: 0.09958696365356445
Solving: 0.018531084060668945
Total: 0.1181180477142334
