Grounding: 0.004064083099365234
Solving: 0.0014929771423339844
Total: 0.005557060241699219
