Grounding: 0.48741698265075684
Solving: 0.018749237060546875
Total: 0.5061662197113037
