Grounding: 1.6347627639770508
Solving: 0.08502197265625
Total: 1.7197847366333008
