Grounding: 0.009973764419555664
Solving: 0.002443075180053711
Total: 0.012416839599609375
