Grounding: 0.006886959075927734
Solving: 0.0017590522766113281
Total: 0.008646011352539062
