Grounding: 0.638826847076416
Solving: 0.04964137077331543
Total: 0.6884682178497314
