Grounding: 0.02754378318786621
Solving: 0.004350185394287109
Total: 0.03189396858215332
