Grounding: 0.015624046325683594
Solving: 0.002249002456665039
Total: 0.017873048782348633
