Grounding: 0.026359081268310547
Solving: 0.0021820068359375
Total: 0.028541088104248047
