Grounding: 0.02973151206970215
Solving: 0.003434419631958008
Total: 0.033165931701660156
