Grounding: 0.04748892784118652
Solving: 0.00490880012512207
Total: 0.052397727966308594
