Grounding: 0.30542683601379395
Solving: 0.018417835235595703
Total: 0.32384467124938965
