Grounding: 0.02628803253173828
Solving: 0.0024988651275634766
Total: 0.028786897659301758
