Grounding: 2.9651241302490234
Solving: 0.16471290588378906
Total: 3.1298370361328125
