Grounding: 4.519901752471924
Solving: 0.12399888038635254
Total: 4.643900632858276
