Grounding: 2.496199369430542
Solving: 0.09019160270690918
Total: 2.586390972137451
