Grounding: 0.8716981410980225
Solving: 0.031075000762939453
Total: 0.9027731418609619
