Grounding: 0.056324005126953125
Solving: 0.005105257034301758
Total: 0.06142926216125488
