Grounding: 0.03275775909423828
Solving: 0.0026350021362304688
Total: 0.03539276123046875
