Grounding: 0.029907703399658203
Solving: 0.003952980041503906
Total: 0.03386068344116211
