Grounding: 0.5080893039703369
Solving: 0.026874303817749023
Total: 0.5349636077880859
