Grounding: 0.24291276931762695
Solving: 0.01491093635559082
Total: 0.2578237056732178
