Grounding: 0.02401113510131836
Solving: 0.002513885498046875
Total: 0.026525020599365234
