Grounding: 1.0429027080535889
Solving: 0.03856301307678223
Total: 1.081465721130371
