Grounding: 0.040255069732666016
Solving: 0.003526926040649414
Total: 0.04378199577331543
