Grounding: 0.023097991943359375
Solving: 0.0021898746490478516
Total: 0.025287866592407227
