Grounding: 3.4486701488494873
Solving: 0.21916818618774414
Total: 3.6678383350372314
