Grounding: 1.0069630146026611
Solving: 0.050004005432128906
Total: 1.05696702003479
