Grounding: 0.7346842288970947
Solving: 0.03817892074584961
Total: 0.7728631496429443
