Grounding: 0.10942816734313965
Solving: 0.006675004959106445
Total: 0.1161031723022461
