Grounding: 0.35268306732177734
Solving: 0.013224124908447266
Total: 0.3659071922302246
