Grounding: 1.1949949264526367
Solving: 0.0522000789642334
Total: 1.2471950054168701
