Grounding: 0.01199197769165039
Solving: 0.0014710426330566406
Total: 0.013463020324707031
