Grounding: 0.2992432117462158
Solving: 0.0189058780670166
Total: 0.3181490898132324
