Grounding: 0.010201215744018555
Solving: 0.0015919208526611328
Total: 0.011793136596679688
