Grounding: 0.00865316390991211
Solving: 0.0014579296112060547
Total: 0.010111093521118164
